{
 "cells": [
  {
   "cell_type": "code",
   "execution_count": 1,
   "id": "f09a07de-de69-4e02-b706-22347230f8df",
   "metadata": {},
   "outputs": [],
   "source": [
    "\n",
    "import numpy as np \n",
    "import pandas as pd \n",
    "import seaborn as sns\n",
    "import matplotlib.pyplot as plt  \n"
   ]
  },
  {
   "cell_type": "code",
   "execution_count": 2,
   "id": "c05ae94e-3aa9-4b3c-93d5-d4136dc00415",
   "metadata": {
    "scrolled": true
   },
   "outputs": [
    {
     "data": {
      "text/html": [
       "<div>\n",
       "<style scoped>\n",
       "    .dataframe tbody tr th:only-of-type {\n",
       "        vertical-align: middle;\n",
       "    }\n",
       "\n",
       "    .dataframe tbody tr th {\n",
       "        vertical-align: top;\n",
       "    }\n",
       "\n",
       "    .dataframe thead th {\n",
       "        text-align: right;\n",
       "    }\n",
       "</style>\n",
       "<table border=\"1\" class=\"dataframe\">\n",
       "  <thead>\n",
       "    <tr style=\"text-align: right;\">\n",
       "      <th></th>\n",
       "      <th>age</th>\n",
       "      <th>sex</th>\n",
       "      <th>cp</th>\n",
       "      <th>trestbps</th>\n",
       "      <th>chol</th>\n",
       "      <th>fbs</th>\n",
       "      <th>restecg</th>\n",
       "      <th>thalach</th>\n",
       "      <th>exang</th>\n",
       "      <th>oldpeak</th>\n",
       "      <th>slope</th>\n",
       "      <th>ca</th>\n",
       "      <th>thal</th>\n",
       "      <th>target</th>\n",
       "    </tr>\n",
       "  </thead>\n",
       "  <tbody>\n",
       "    <tr>\n",
       "      <th>0</th>\n",
       "      <td>52</td>\n",
       "      <td>1</td>\n",
       "      <td>0</td>\n",
       "      <td>125</td>\n",
       "      <td>212</td>\n",
       "      <td>0</td>\n",
       "      <td>1</td>\n",
       "      <td>168</td>\n",
       "      <td>0</td>\n",
       "      <td>1.0</td>\n",
       "      <td>2</td>\n",
       "      <td>2</td>\n",
       "      <td>3</td>\n",
       "      <td>0</td>\n",
       "    </tr>\n",
       "    <tr>\n",
       "      <th>1</th>\n",
       "      <td>53</td>\n",
       "      <td>1</td>\n",
       "      <td>0</td>\n",
       "      <td>140</td>\n",
       "      <td>203</td>\n",
       "      <td>1</td>\n",
       "      <td>0</td>\n",
       "      <td>155</td>\n",
       "      <td>1</td>\n",
       "      <td>3.1</td>\n",
       "      <td>0</td>\n",
       "      <td>0</td>\n",
       "      <td>3</td>\n",
       "      <td>0</td>\n",
       "    </tr>\n",
       "    <tr>\n",
       "      <th>2</th>\n",
       "      <td>70</td>\n",
       "      <td>1</td>\n",
       "      <td>0</td>\n",
       "      <td>145</td>\n",
       "      <td>174</td>\n",
       "      <td>0</td>\n",
       "      <td>1</td>\n",
       "      <td>125</td>\n",
       "      <td>1</td>\n",
       "      <td>2.6</td>\n",
       "      <td>0</td>\n",
       "      <td>0</td>\n",
       "      <td>3</td>\n",
       "      <td>0</td>\n",
       "    </tr>\n",
       "    <tr>\n",
       "      <th>3</th>\n",
       "      <td>61</td>\n",
       "      <td>1</td>\n",
       "      <td>0</td>\n",
       "      <td>148</td>\n",
       "      <td>203</td>\n",
       "      <td>0</td>\n",
       "      <td>1</td>\n",
       "      <td>161</td>\n",
       "      <td>0</td>\n",
       "      <td>0.0</td>\n",
       "      <td>2</td>\n",
       "      <td>1</td>\n",
       "      <td>3</td>\n",
       "      <td>0</td>\n",
       "    </tr>\n",
       "    <tr>\n",
       "      <th>4</th>\n",
       "      <td>62</td>\n",
       "      <td>0</td>\n",
       "      <td>0</td>\n",
       "      <td>138</td>\n",
       "      <td>294</td>\n",
       "      <td>1</td>\n",
       "      <td>1</td>\n",
       "      <td>106</td>\n",
       "      <td>0</td>\n",
       "      <td>1.9</td>\n",
       "      <td>1</td>\n",
       "      <td>3</td>\n",
       "      <td>2</td>\n",
       "      <td>0</td>\n",
       "    </tr>\n",
       "  </tbody>\n",
       "</table>\n",
       "</div>"
      ],
      "text/plain": [
       "   age  sex  cp  trestbps  chol  fbs  restecg  thalach  exang  oldpeak  slope  \\\n",
       "0   52    1   0       125   212    0        1      168      0      1.0      2   \n",
       "1   53    1   0       140   203    1        0      155      1      3.1      0   \n",
       "2   70    1   0       145   174    0        1      125      1      2.6      0   \n",
       "3   61    1   0       148   203    0        1      161      0      0.0      2   \n",
       "4   62    0   0       138   294    1        1      106      0      1.9      1   \n",
       "\n",
       "   ca  thal  target  \n",
       "0   2     3       0  \n",
       "1   0     3       0  \n",
       "2   0     3       0  \n",
       "3   1     3       0  \n",
       "4   3     2       0  "
      ]
     },
     "execution_count": 2,
     "metadata": {},
     "output_type": "execute_result"
    }
   ],
   "source": [
    "heart=pd.read_csv(\"data\\heart.csv\")\n",
    "heart.head()"
   ]
  },
  {
   "cell_type": "code",
   "execution_count": 3,
   "id": "5a940a4a-641e-420d-be87-8fd7e5ad3037",
   "metadata": {},
   "outputs": [
    {
     "name": "stdout",
     "output_type": "stream",
     "text": [
      "shape:\n",
      " (1025, 14)\n",
      "\n",
      "Data type:\n",
      " age           int64\n",
      "sex           int64\n",
      "cp            int64\n",
      "trestbps      int64\n",
      "chol          int64\n",
      "fbs           int64\n",
      "restecg       int64\n",
      "thalach       int64\n",
      "exang         int64\n",
      "oldpeak     float64\n",
      "slope         int64\n",
      "ca            int64\n",
      "thal          int64\n",
      "target        int64\n",
      "dtype: object\n",
      "\n",
      "Number of null values\n",
      ":\n",
      " age         0\n",
      "sex         0\n",
      "cp          0\n",
      "trestbps    0\n",
      "chol        0\n",
      "fbs         0\n",
      "restecg     0\n",
      "thalach     0\n",
      "exang       0\n",
      "oldpeak     0\n",
      "slope       0\n",
      "ca          0\n",
      "thal        0\n",
      "target      0\n",
      "dtype: int64\n",
      "\n",
      "Number of duplicate values\n",
      ":\n",
      " 723\n",
      "<class 'pandas.core.frame.DataFrame'>\n",
      "RangeIndex: 1025 entries, 0 to 1024\n",
      "Data columns (total 14 columns):\n",
      " #   Column    Non-Null Count  Dtype  \n",
      "---  ------    --------------  -----  \n",
      " 0   age       1025 non-null   int64  \n",
      " 1   sex       1025 non-null   int64  \n",
      " 2   cp        1025 non-null   int64  \n",
      " 3   trestbps  1025 non-null   int64  \n",
      " 4   chol      1025 non-null   int64  \n",
      " 5   fbs       1025 non-null   int64  \n",
      " 6   restecg   1025 non-null   int64  \n",
      " 7   thalach   1025 non-null   int64  \n",
      " 8   exang     1025 non-null   int64  \n",
      " 9   oldpeak   1025 non-null   float64\n",
      " 10  slope     1025 non-null   int64  \n",
      " 11  ca        1025 non-null   int64  \n",
      " 12  thal      1025 non-null   int64  \n",
      " 13  target    1025 non-null   int64  \n",
      "dtypes: float64(1), int64(13)\n",
      "memory usage: 112.2 KB\n",
      "\n",
      "Memory:\n",
      " None\n",
      "\n",
      "Describe the data:\n",
      "                age          sex           cp     trestbps        chol  \\\n",
      "count  1025.000000  1025.000000  1025.000000  1025.000000  1025.00000   \n",
      "mean     54.434146     0.695610     0.942439   131.611707   246.00000   \n",
      "std       9.072290     0.460373     1.029641    17.516718    51.59251   \n",
      "min      29.000000     0.000000     0.000000    94.000000   126.00000   \n",
      "25%      48.000000     0.000000     0.000000   120.000000   211.00000   \n",
      "50%      56.000000     1.000000     1.000000   130.000000   240.00000   \n",
      "75%      61.000000     1.000000     2.000000   140.000000   275.00000   \n",
      "max      77.000000     1.000000     3.000000   200.000000   564.00000   \n",
      "\n",
      "               fbs      restecg      thalach        exang      oldpeak  \\\n",
      "count  1025.000000  1025.000000  1025.000000  1025.000000  1025.000000   \n",
      "mean      0.149268     0.529756   149.114146     0.336585     1.071512   \n",
      "std       0.356527     0.527878    23.005724     0.472772     1.175053   \n",
      "min       0.000000     0.000000    71.000000     0.000000     0.000000   \n",
      "25%       0.000000     0.000000   132.000000     0.000000     0.000000   \n",
      "50%       0.000000     1.000000   152.000000     0.000000     0.800000   \n",
      "75%       0.000000     1.000000   166.000000     1.000000     1.800000   \n",
      "max       1.000000     2.000000   202.000000     1.000000     6.200000   \n",
      "\n",
      "             slope           ca         thal       target  \n",
      "count  1025.000000  1025.000000  1025.000000  1025.000000  \n",
      "mean      1.385366     0.754146     2.323902     0.513171  \n",
      "std       0.617755     1.030798     0.620660     0.500070  \n",
      "min       0.000000     0.000000     0.000000     0.000000  \n",
      "25%       1.000000     0.000000     2.000000     0.000000  \n",
      "50%       1.000000     0.000000     2.000000     1.000000  \n",
      "75%       2.000000     1.000000     3.000000     1.000000  \n",
      "max       2.000000     4.000000     3.000000     1.000000  \n"
     ]
    }
   ],
   "source": [
    "print(\"shape:\\n\",heart.shape)\n",
    "print(\"\\nData type:\\n\",heart.dtypes)\n",
    "print(\"\\nNumber of null values\\n:\\n\",heart.isnull().sum())\n",
    "print(\"\\nNumber of duplicate values\\n:\\n\",heart.duplicated().sum())\n",
    "print(\"\\nMemory:\\n\",heart.info())\n",
    "print(\"\\nDescribe the data:\\n\",heart.describe(include=\"all\"))"
   ]
  },
  {
   "cell_type": "code",
   "execution_count": 20,
   "id": "67dece8e-a9ae-44a6-8548-0039487802b6",
   "metadata": {},
   "outputs": [],
   "source": [
    "heart=heart.drop_duplicates()"
   ]
  },
  {
   "cell_type": "code",
   "execution_count": 23,
   "id": "005f610e-6e50-4395-bfc1-e4c145aa65d0",
   "metadata": {},
   "outputs": [
    {
     "name": "stdout",
     "output_type": "stream",
     "text": [
      "Number of duplicate rows: 0\n"
     ]
    }
   ],
   "source": [
    "duplicate_rows = heart[heart.duplicated()]\n",
    "print(f\"Number of duplicate rows: {duplicate_rows.shape[0]}\")\n"
   ]
  },
  {
   "cell_type": "code",
   "execution_count": 21,
   "id": "4e82c512-9343-46d9-9b3f-1fda63565b8a",
   "metadata": {},
   "outputs": [
    {
     "data": {
      "text/plain": [
       "(302, 14)"
      ]
     },
     "execution_count": 21,
     "metadata": {},
     "output_type": "execute_result"
    }
   ],
   "source": [
    "heart.shape"
   ]
  },
  {
   "cell_type": "code",
   "execution_count": 39,
   "id": "07463978-b0a2-4fa0-aa1a-f4df20c5f153",
   "metadata": {},
   "outputs": [
    {
     "data": {
      "text/html": [
       "<div>\n",
       "<style scoped>\n",
       "    .dataframe tbody tr th:only-of-type {\n",
       "        vertical-align: middle;\n",
       "    }\n",
       "\n",
       "    .dataframe tbody tr th {\n",
       "        vertical-align: top;\n",
       "    }\n",
       "\n",
       "    .dataframe thead th {\n",
       "        text-align: right;\n",
       "    }\n",
       "</style>\n",
       "<table border=\"1\" class=\"dataframe\">\n",
       "  <thead>\n",
       "    <tr style=\"text-align: right;\">\n",
       "      <th></th>\n",
       "      <th>age</th>\n",
       "      <th>sex</th>\n",
       "      <th>cp</th>\n",
       "      <th>trestbps</th>\n",
       "      <th>chol</th>\n",
       "      <th>fbs</th>\n",
       "      <th>restecg</th>\n",
       "      <th>thalach</th>\n",
       "      <th>exang</th>\n",
       "      <th>oldpeak</th>\n",
       "      <th>slope</th>\n",
       "      <th>ca</th>\n",
       "      <th>thal</th>\n",
       "      <th>target</th>\n",
       "    </tr>\n",
       "  </thead>\n",
       "  <tbody>\n",
       "    <tr>\n",
       "      <th>0</th>\n",
       "      <td>52</td>\n",
       "      <td>1</td>\n",
       "      <td>0</td>\n",
       "      <td>125</td>\n",
       "      <td>212</td>\n",
       "      <td>0</td>\n",
       "      <td>1</td>\n",
       "      <td>168</td>\n",
       "      <td>0</td>\n",
       "      <td>1.0</td>\n",
       "      <td>2</td>\n",
       "      <td>2</td>\n",
       "      <td>3</td>\n",
       "      <td>0</td>\n",
       "    </tr>\n",
       "    <tr>\n",
       "      <th>1</th>\n",
       "      <td>53</td>\n",
       "      <td>1</td>\n",
       "      <td>0</td>\n",
       "      <td>140</td>\n",
       "      <td>203</td>\n",
       "      <td>1</td>\n",
       "      <td>0</td>\n",
       "      <td>155</td>\n",
       "      <td>1</td>\n",
       "      <td>3.1</td>\n",
       "      <td>0</td>\n",
       "      <td>0</td>\n",
       "      <td>3</td>\n",
       "      <td>0</td>\n",
       "    </tr>\n",
       "    <tr>\n",
       "      <th>2</th>\n",
       "      <td>70</td>\n",
       "      <td>1</td>\n",
       "      <td>0</td>\n",
       "      <td>145</td>\n",
       "      <td>174</td>\n",
       "      <td>0</td>\n",
       "      <td>1</td>\n",
       "      <td>125</td>\n",
       "      <td>1</td>\n",
       "      <td>2.6</td>\n",
       "      <td>0</td>\n",
       "      <td>0</td>\n",
       "      <td>3</td>\n",
       "      <td>0</td>\n",
       "    </tr>\n",
       "    <tr>\n",
       "      <th>3</th>\n",
       "      <td>61</td>\n",
       "      <td>1</td>\n",
       "      <td>0</td>\n",
       "      <td>148</td>\n",
       "      <td>203</td>\n",
       "      <td>0</td>\n",
       "      <td>1</td>\n",
       "      <td>161</td>\n",
       "      <td>0</td>\n",
       "      <td>0.0</td>\n",
       "      <td>2</td>\n",
       "      <td>1</td>\n",
       "      <td>3</td>\n",
       "      <td>0</td>\n",
       "    </tr>\n",
       "    <tr>\n",
       "      <th>4</th>\n",
       "      <td>62</td>\n",
       "      <td>0</td>\n",
       "      <td>0</td>\n",
       "      <td>138</td>\n",
       "      <td>294</td>\n",
       "      <td>1</td>\n",
       "      <td>1</td>\n",
       "      <td>106</td>\n",
       "      <td>0</td>\n",
       "      <td>1.9</td>\n",
       "      <td>1</td>\n",
       "      <td>3</td>\n",
       "      <td>2</td>\n",
       "      <td>0</td>\n",
       "    </tr>\n",
       "  </tbody>\n",
       "</table>\n",
       "</div>"
      ],
      "text/plain": [
       "   age  sex  cp  trestbps  chol  fbs  restecg  thalach  exang  oldpeak  slope  \\\n",
       "0   52    1   0       125   212    0        1      168      0      1.0      2   \n",
       "1   53    1   0       140   203    1        0      155      1      3.1      0   \n",
       "2   70    1   0       145   174    0        1      125      1      2.6      0   \n",
       "3   61    1   0       148   203    0        1      161      0      0.0      2   \n",
       "4   62    0   0       138   294    1        1      106      0      1.9      1   \n",
       "\n",
       "   ca  thal  target  \n",
       "0   2     3       0  \n",
       "1   0     3       0  \n",
       "2   0     3       0  \n",
       "3   1     3       0  \n",
       "4   3     2       0  "
      ]
     },
     "execution_count": 39,
     "metadata": {},
     "output_type": "execute_result"
    }
   ],
   "source": [
    "heart.head()"
   ]
  },
  {
   "cell_type": "code",
   "execution_count": 24,
   "id": "73cb632b-63ed-4822-972a-56e0e516ed6d",
   "metadata": {
    "scrolled": true
   },
   "outputs": [
    {
     "data": {
      "text/html": [
       "<div>\n",
       "<style scoped>\n",
       "    .dataframe tbody tr th:only-of-type {\n",
       "        vertical-align: middle;\n",
       "    }\n",
       "\n",
       "    .dataframe tbody tr th {\n",
       "        vertical-align: top;\n",
       "    }\n",
       "\n",
       "    .dataframe thead th {\n",
       "        text-align: right;\n",
       "    }\n",
       "</style>\n",
       "<table border=\"1\" class=\"dataframe\">\n",
       "  <thead>\n",
       "    <tr style=\"text-align: right;\">\n",
       "      <th></th>\n",
       "      <th>age</th>\n",
       "      <th>sex</th>\n",
       "      <th>cp</th>\n",
       "      <th>trestbps</th>\n",
       "      <th>chol</th>\n",
       "      <th>fbs</th>\n",
       "      <th>restecg</th>\n",
       "      <th>thalach</th>\n",
       "      <th>exang</th>\n",
       "      <th>oldpeak</th>\n",
       "      <th>slope</th>\n",
       "      <th>ca</th>\n",
       "      <th>thal</th>\n",
       "      <th>target</th>\n",
       "    </tr>\n",
       "  </thead>\n",
       "  <tbody>\n",
       "    <tr>\n",
       "      <th>age</th>\n",
       "      <td>1.000000</td>\n",
       "      <td>-0.094962</td>\n",
       "      <td>-0.063107</td>\n",
       "      <td>0.283121</td>\n",
       "      <td>0.207216</td>\n",
       "      <td>0.119492</td>\n",
       "      <td>-0.111590</td>\n",
       "      <td>-0.395235</td>\n",
       "      <td>0.093216</td>\n",
       "      <td>0.206040</td>\n",
       "      <td>-0.164124</td>\n",
       "      <td>0.302261</td>\n",
       "      <td>0.065317</td>\n",
       "      <td>-0.221476</td>\n",
       "    </tr>\n",
       "    <tr>\n",
       "      <th>sex</th>\n",
       "      <td>-0.094962</td>\n",
       "      <td>1.000000</td>\n",
       "      <td>-0.051740</td>\n",
       "      <td>-0.057647</td>\n",
       "      <td>-0.195571</td>\n",
       "      <td>0.046022</td>\n",
       "      <td>-0.060351</td>\n",
       "      <td>-0.046439</td>\n",
       "      <td>0.143460</td>\n",
       "      <td>0.098322</td>\n",
       "      <td>-0.032990</td>\n",
       "      <td>0.113060</td>\n",
       "      <td>0.211452</td>\n",
       "      <td>-0.283609</td>\n",
       "    </tr>\n",
       "    <tr>\n",
       "      <th>cp</th>\n",
       "      <td>-0.063107</td>\n",
       "      <td>-0.051740</td>\n",
       "      <td>1.000000</td>\n",
       "      <td>0.046486</td>\n",
       "      <td>-0.072682</td>\n",
       "      <td>0.096018</td>\n",
       "      <td>0.041561</td>\n",
       "      <td>0.293367</td>\n",
       "      <td>-0.392937</td>\n",
       "      <td>-0.146692</td>\n",
       "      <td>0.116854</td>\n",
       "      <td>-0.195356</td>\n",
       "      <td>-0.160370</td>\n",
       "      <td>0.432080</td>\n",
       "    </tr>\n",
       "    <tr>\n",
       "      <th>trestbps</th>\n",
       "      <td>0.283121</td>\n",
       "      <td>-0.057647</td>\n",
       "      <td>0.046486</td>\n",
       "      <td>1.000000</td>\n",
       "      <td>0.125256</td>\n",
       "      <td>0.178125</td>\n",
       "      <td>-0.115367</td>\n",
       "      <td>-0.048023</td>\n",
       "      <td>0.068526</td>\n",
       "      <td>0.194600</td>\n",
       "      <td>-0.122873</td>\n",
       "      <td>0.099248</td>\n",
       "      <td>0.062870</td>\n",
       "      <td>-0.146269</td>\n",
       "    </tr>\n",
       "    <tr>\n",
       "      <th>chol</th>\n",
       "      <td>0.207216</td>\n",
       "      <td>-0.195571</td>\n",
       "      <td>-0.072682</td>\n",
       "      <td>0.125256</td>\n",
       "      <td>1.000000</td>\n",
       "      <td>0.011428</td>\n",
       "      <td>-0.147602</td>\n",
       "      <td>-0.005308</td>\n",
       "      <td>0.064099</td>\n",
       "      <td>0.050086</td>\n",
       "      <td>0.000417</td>\n",
       "      <td>0.086878</td>\n",
       "      <td>0.096810</td>\n",
       "      <td>-0.081437</td>\n",
       "    </tr>\n",
       "    <tr>\n",
       "      <th>fbs</th>\n",
       "      <td>0.119492</td>\n",
       "      <td>0.046022</td>\n",
       "      <td>0.096018</td>\n",
       "      <td>0.178125</td>\n",
       "      <td>0.011428</td>\n",
       "      <td>1.000000</td>\n",
       "      <td>-0.083081</td>\n",
       "      <td>-0.007169</td>\n",
       "      <td>0.024729</td>\n",
       "      <td>0.004514</td>\n",
       "      <td>-0.058654</td>\n",
       "      <td>0.144935</td>\n",
       "      <td>-0.032752</td>\n",
       "      <td>-0.026826</td>\n",
       "    </tr>\n",
       "    <tr>\n",
       "      <th>restecg</th>\n",
       "      <td>-0.111590</td>\n",
       "      <td>-0.060351</td>\n",
       "      <td>0.041561</td>\n",
       "      <td>-0.115367</td>\n",
       "      <td>-0.147602</td>\n",
       "      <td>-0.083081</td>\n",
       "      <td>1.000000</td>\n",
       "      <td>0.041210</td>\n",
       "      <td>-0.068807</td>\n",
       "      <td>-0.056251</td>\n",
       "      <td>0.090402</td>\n",
       "      <td>-0.083112</td>\n",
       "      <td>-0.010473</td>\n",
       "      <td>0.134874</td>\n",
       "    </tr>\n",
       "    <tr>\n",
       "      <th>thalach</th>\n",
       "      <td>-0.395235</td>\n",
       "      <td>-0.046439</td>\n",
       "      <td>0.293367</td>\n",
       "      <td>-0.048023</td>\n",
       "      <td>-0.005308</td>\n",
       "      <td>-0.007169</td>\n",
       "      <td>0.041210</td>\n",
       "      <td>1.000000</td>\n",
       "      <td>-0.377411</td>\n",
       "      <td>-0.342201</td>\n",
       "      <td>0.384754</td>\n",
       "      <td>-0.228311</td>\n",
       "      <td>-0.094910</td>\n",
       "      <td>0.419955</td>\n",
       "    </tr>\n",
       "    <tr>\n",
       "      <th>exang</th>\n",
       "      <td>0.093216</td>\n",
       "      <td>0.143460</td>\n",
       "      <td>-0.392937</td>\n",
       "      <td>0.068526</td>\n",
       "      <td>0.064099</td>\n",
       "      <td>0.024729</td>\n",
       "      <td>-0.068807</td>\n",
       "      <td>-0.377411</td>\n",
       "      <td>1.000000</td>\n",
       "      <td>0.286766</td>\n",
       "      <td>-0.256106</td>\n",
       "      <td>0.125377</td>\n",
       "      <td>0.205826</td>\n",
       "      <td>-0.435601</td>\n",
       "    </tr>\n",
       "    <tr>\n",
       "      <th>oldpeak</th>\n",
       "      <td>0.206040</td>\n",
       "      <td>0.098322</td>\n",
       "      <td>-0.146692</td>\n",
       "      <td>0.194600</td>\n",
       "      <td>0.050086</td>\n",
       "      <td>0.004514</td>\n",
       "      <td>-0.056251</td>\n",
       "      <td>-0.342201</td>\n",
       "      <td>0.286766</td>\n",
       "      <td>1.000000</td>\n",
       "      <td>-0.576314</td>\n",
       "      <td>0.236560</td>\n",
       "      <td>0.209090</td>\n",
       "      <td>-0.429146</td>\n",
       "    </tr>\n",
       "    <tr>\n",
       "      <th>slope</th>\n",
       "      <td>-0.164124</td>\n",
       "      <td>-0.032990</td>\n",
       "      <td>0.116854</td>\n",
       "      <td>-0.122873</td>\n",
       "      <td>0.000417</td>\n",
       "      <td>-0.058654</td>\n",
       "      <td>0.090402</td>\n",
       "      <td>0.384754</td>\n",
       "      <td>-0.256106</td>\n",
       "      <td>-0.576314</td>\n",
       "      <td>1.000000</td>\n",
       "      <td>-0.092236</td>\n",
       "      <td>-0.103314</td>\n",
       "      <td>0.343940</td>\n",
       "    </tr>\n",
       "    <tr>\n",
       "      <th>ca</th>\n",
       "      <td>0.302261</td>\n",
       "      <td>0.113060</td>\n",
       "      <td>-0.195356</td>\n",
       "      <td>0.099248</td>\n",
       "      <td>0.086878</td>\n",
       "      <td>0.144935</td>\n",
       "      <td>-0.083112</td>\n",
       "      <td>-0.228311</td>\n",
       "      <td>0.125377</td>\n",
       "      <td>0.236560</td>\n",
       "      <td>-0.092236</td>\n",
       "      <td>1.000000</td>\n",
       "      <td>0.160085</td>\n",
       "      <td>-0.408992</td>\n",
       "    </tr>\n",
       "    <tr>\n",
       "      <th>thal</th>\n",
       "      <td>0.065317</td>\n",
       "      <td>0.211452</td>\n",
       "      <td>-0.160370</td>\n",
       "      <td>0.062870</td>\n",
       "      <td>0.096810</td>\n",
       "      <td>-0.032752</td>\n",
       "      <td>-0.010473</td>\n",
       "      <td>-0.094910</td>\n",
       "      <td>0.205826</td>\n",
       "      <td>0.209090</td>\n",
       "      <td>-0.103314</td>\n",
       "      <td>0.160085</td>\n",
       "      <td>1.000000</td>\n",
       "      <td>-0.343101</td>\n",
       "    </tr>\n",
       "    <tr>\n",
       "      <th>target</th>\n",
       "      <td>-0.221476</td>\n",
       "      <td>-0.283609</td>\n",
       "      <td>0.432080</td>\n",
       "      <td>-0.146269</td>\n",
       "      <td>-0.081437</td>\n",
       "      <td>-0.026826</td>\n",
       "      <td>0.134874</td>\n",
       "      <td>0.419955</td>\n",
       "      <td>-0.435601</td>\n",
       "      <td>-0.429146</td>\n",
       "      <td>0.343940</td>\n",
       "      <td>-0.408992</td>\n",
       "      <td>-0.343101</td>\n",
       "      <td>1.000000</td>\n",
       "    </tr>\n",
       "  </tbody>\n",
       "</table>\n",
       "</div>"
      ],
      "text/plain": [
       "               age       sex        cp  trestbps      chol       fbs  \\\n",
       "age       1.000000 -0.094962 -0.063107  0.283121  0.207216  0.119492   \n",
       "sex      -0.094962  1.000000 -0.051740 -0.057647 -0.195571  0.046022   \n",
       "cp       -0.063107 -0.051740  1.000000  0.046486 -0.072682  0.096018   \n",
       "trestbps  0.283121 -0.057647  0.046486  1.000000  0.125256  0.178125   \n",
       "chol      0.207216 -0.195571 -0.072682  0.125256  1.000000  0.011428   \n",
       "fbs       0.119492  0.046022  0.096018  0.178125  0.011428  1.000000   \n",
       "restecg  -0.111590 -0.060351  0.041561 -0.115367 -0.147602 -0.083081   \n",
       "thalach  -0.395235 -0.046439  0.293367 -0.048023 -0.005308 -0.007169   \n",
       "exang     0.093216  0.143460 -0.392937  0.068526  0.064099  0.024729   \n",
       "oldpeak   0.206040  0.098322 -0.146692  0.194600  0.050086  0.004514   \n",
       "slope    -0.164124 -0.032990  0.116854 -0.122873  0.000417 -0.058654   \n",
       "ca        0.302261  0.113060 -0.195356  0.099248  0.086878  0.144935   \n",
       "thal      0.065317  0.211452 -0.160370  0.062870  0.096810 -0.032752   \n",
       "target   -0.221476 -0.283609  0.432080 -0.146269 -0.081437 -0.026826   \n",
       "\n",
       "           restecg   thalach     exang   oldpeak     slope        ca  \\\n",
       "age      -0.111590 -0.395235  0.093216  0.206040 -0.164124  0.302261   \n",
       "sex      -0.060351 -0.046439  0.143460  0.098322 -0.032990  0.113060   \n",
       "cp        0.041561  0.293367 -0.392937 -0.146692  0.116854 -0.195356   \n",
       "trestbps -0.115367 -0.048023  0.068526  0.194600 -0.122873  0.099248   \n",
       "chol     -0.147602 -0.005308  0.064099  0.050086  0.000417  0.086878   \n",
       "fbs      -0.083081 -0.007169  0.024729  0.004514 -0.058654  0.144935   \n",
       "restecg   1.000000  0.041210 -0.068807 -0.056251  0.090402 -0.083112   \n",
       "thalach   0.041210  1.000000 -0.377411 -0.342201  0.384754 -0.228311   \n",
       "exang    -0.068807 -0.377411  1.000000  0.286766 -0.256106  0.125377   \n",
       "oldpeak  -0.056251 -0.342201  0.286766  1.000000 -0.576314  0.236560   \n",
       "slope     0.090402  0.384754 -0.256106 -0.576314  1.000000 -0.092236   \n",
       "ca       -0.083112 -0.228311  0.125377  0.236560 -0.092236  1.000000   \n",
       "thal     -0.010473 -0.094910  0.205826  0.209090 -0.103314  0.160085   \n",
       "target    0.134874  0.419955 -0.435601 -0.429146  0.343940 -0.408992   \n",
       "\n",
       "              thal    target  \n",
       "age       0.065317 -0.221476  \n",
       "sex       0.211452 -0.283609  \n",
       "cp       -0.160370  0.432080  \n",
       "trestbps  0.062870 -0.146269  \n",
       "chol      0.096810 -0.081437  \n",
       "fbs      -0.032752 -0.026826  \n",
       "restecg  -0.010473  0.134874  \n",
       "thalach  -0.094910  0.419955  \n",
       "exang     0.205826 -0.435601  \n",
       "oldpeak   0.209090 -0.429146  \n",
       "slope    -0.103314  0.343940  \n",
       "ca        0.160085 -0.408992  \n",
       "thal      1.000000 -0.343101  \n",
       "target   -0.343101  1.000000  "
      ]
     },
     "execution_count": 24,
     "metadata": {},
     "output_type": "execute_result"
    }
   ],
   "source": [
    "heart.corr()"
   ]
  },
  {
   "cell_type": "code",
   "execution_count": 25,
   "id": "25fd7411-4e9f-486c-bf77-84eaf611254b",
   "metadata": {
    "scrolled": true
   },
   "outputs": [
    {
     "name": "stdout",
     "output_type": "stream",
     "text": [
      "correletion metrix:                age       sex        cp  trestbps      chol       fbs  \\\n",
      "age       1.000000 -0.094962 -0.063107  0.283121  0.207216  0.119492   \n",
      "sex      -0.094962  1.000000 -0.051740 -0.057647 -0.195571  0.046022   \n",
      "cp       -0.063107 -0.051740  1.000000  0.046486 -0.072682  0.096018   \n",
      "trestbps  0.283121 -0.057647  0.046486  1.000000  0.125256  0.178125   \n",
      "chol      0.207216 -0.195571 -0.072682  0.125256  1.000000  0.011428   \n",
      "fbs       0.119492  0.046022  0.096018  0.178125  0.011428  1.000000   \n",
      "restecg  -0.111590 -0.060351  0.041561 -0.115367 -0.147602 -0.083081   \n",
      "thalach  -0.395235 -0.046439  0.293367 -0.048023 -0.005308 -0.007169   \n",
      "exang     0.093216  0.143460 -0.392937  0.068526  0.064099  0.024729   \n",
      "oldpeak   0.206040  0.098322 -0.146692  0.194600  0.050086  0.004514   \n",
      "slope    -0.164124 -0.032990  0.116854 -0.122873  0.000417 -0.058654   \n",
      "ca        0.302261  0.113060 -0.195356  0.099248  0.086878  0.144935   \n",
      "thal      0.065317  0.211452 -0.160370  0.062870  0.096810 -0.032752   \n",
      "target   -0.221476 -0.283609  0.432080 -0.146269 -0.081437 -0.026826   \n",
      "\n",
      "           restecg   thalach     exang   oldpeak     slope        ca  \\\n",
      "age      -0.111590 -0.395235  0.093216  0.206040 -0.164124  0.302261   \n",
      "sex      -0.060351 -0.046439  0.143460  0.098322 -0.032990  0.113060   \n",
      "cp        0.041561  0.293367 -0.392937 -0.146692  0.116854 -0.195356   \n",
      "trestbps -0.115367 -0.048023  0.068526  0.194600 -0.122873  0.099248   \n",
      "chol     -0.147602 -0.005308  0.064099  0.050086  0.000417  0.086878   \n",
      "fbs      -0.083081 -0.007169  0.024729  0.004514 -0.058654  0.144935   \n",
      "restecg   1.000000  0.041210 -0.068807 -0.056251  0.090402 -0.083112   \n",
      "thalach   0.041210  1.000000 -0.377411 -0.342201  0.384754 -0.228311   \n",
      "exang    -0.068807 -0.377411  1.000000  0.286766 -0.256106  0.125377   \n",
      "oldpeak  -0.056251 -0.342201  0.286766  1.000000 -0.576314  0.236560   \n",
      "slope     0.090402  0.384754 -0.256106 -0.576314  1.000000 -0.092236   \n",
      "ca       -0.083112 -0.228311  0.125377  0.236560 -0.092236  1.000000   \n",
      "thal     -0.010473 -0.094910  0.205826  0.209090 -0.103314  0.160085   \n",
      "target    0.134874  0.419955 -0.435601 -0.429146  0.343940 -0.408992   \n",
      "\n",
      "              thal    target  \n",
      "age       0.065317 -0.221476  \n",
      "sex       0.211452 -0.283609  \n",
      "cp       -0.160370  0.432080  \n",
      "trestbps  0.062870 -0.146269  \n",
      "chol      0.096810 -0.081437  \n",
      "fbs      -0.032752 -0.026826  \n",
      "restecg  -0.010473  0.134874  \n",
      "thalach  -0.094910  0.419955  \n",
      "exang     0.205826 -0.435601  \n",
      "oldpeak   0.209090 -0.429146  \n",
      "slope    -0.103314  0.343940  \n",
      "ca        0.160085 -0.408992  \n",
      "thal      1.000000 -0.343101  \n",
      "target   -0.343101  1.000000  \n"
     ]
    },
    {
     "data": {
